p cnf 500 2130
82 -132 -221 0
-164 -171 -424 0
-84 -329 -369 0
85 -95 -330 0
-360 -443 481 0
32 335 -472 0
-303 -369 478 0
-1 -304 482 0
-88 261 -458 0
229 -330 -347 0
-24 162 -277 0
142 198 350 0
154 -288 400 0
74 -173 -451 0
209 413 -435 0
54 -361 446 0
-100 -199 220 0
-62 -307 -424 0
100 -321 -385 0
-144 -207 307 0
25 -149 424 0
-136 187 326 0
-5 369 -425 0
-122 205 427 0
149 184 -330 0
-101 -282 412 0
50 250 483 0
94 -132 249 0
-25 129 -243 0
-53 -98 -164 0
13 186 435 0
-35 114 430 0
84 -201 -215 0
179 313 350 0
-9 374 484 0
-170 200 324 0
-265 271 -425 0
-90 -208 361 0
139 207 407 0
36 101 -355 0
31 -94 194 0
-13 33 -85 0
264 -400 449 0
30 158 -381 0
67 113 327 0
-25 115 -377 0
-53 99 -459 0
80 92 242 0
-18 -149 -431 0
24 -176 382 0
-59 117 -223 0
145 -216 -283 0
-233 446 -454 0
355 -436 -461 0
-7 -105 155 0
143 344 356 0
-63 -139 310 0
149 366 385 0
-16 453 479 0
17 -125 -167 0
230 290 -349 0
-25 -140 -258 0
-24 -353 375 0
74 102 470 0
-152 -195 332 0
-11 -310 -327 0
-194 230 -416 0
73 249 489 0
-17 366 -467 0
113 263 -416 0
-392 438 476 0
118 394 399 0
-348 401 -415 0
121 -459 -486 0
149 -196 -344 0
-365 -451 490 0
75 139 262 0
4 107 -139 0
22 -237 -488 0
35 -267 -315 0
306 422 -423 0
157 -249 -497 0
-302 398 -406 0
-207 353 471 0
-58 331 334 0
14 -237 375 0
-34 55 441 0
-184 287 415 0
152 291 336 0
-128 -201 266 0
-83 87 373 0
146 437 492 0
-8 -175 -243 0
-4 -186 -409 0
203 263 -298 0
-205 233 -373 0
-43 -110 401 0
-9 -435 469 0
85 -254 -345 0
-11 -117 121 0
-147 -187 -396 0
250 -270 299 0
115 396 -425 0
-166 190 -426 0
-195 -433 -452 0
-35 -101 473 0
-53 289 389 0
84 -252 -414 0
-248 -379 -470 0
-175 226 -332 0
-98 -159 476 0
273 296 -468 0
156 161 -228 0
102 129 -414 0
148 -355 439 0
76 122 -128 0
-344 -421 430 0
-34 101 -274 0
-97 242 -406 0
249 302 -413 0
273 -283 -355 0
307 324 471 0
229 -306 459 0
-200 403 -498 0
99 -223 -449 0
-153 -274 335 0
11 -212 262 0
43 366 -434 0
236 -390 470 0
-306 -393 -478 0
-177 213 416 0
384 -406 446 0
-115 -369 491 0
-39 -384 -439 0
4 -234 -258 0
-243 -244 -490 0
231 254 388 0
44 -103 126 0
71 -178 424 0
-15 81 443 0
-4 97 263 0
-26 -404 485 0
-117 -168 -298 0
58 -62 -457 0
104 -109 424 0
42 135 -336 0
61 446 -470 0
174 255 -330 0
218 -349 -491 0
-190 -252 -258 0
125 129 309 0
-113 232 464 0
54 -81 -448 0
62 -132 423 0
-66 -164 -335 0
33 -372 -475 0
61 276 -305 0
59 -373 -494 0
74 -298 374 0
68 419 -457 0
31 -66 -191 0
368 -450 -457 0
165 226 -321 0
113 -144 255 0
50 263 440 0
149 346 419 0
-133 335 -421 0
-4 60 349 0
148 163 376 0
26 -262 319 0
90 182 -286 0
22 -300 -451 0
-154 -350 -377 0
-162 175 -436 0
361 395 414 0
-36 174 -369 0
-201 313 372 0
196 -213 -223 0
63 -318 465 0
-4 -336 466 0
297 341 421 0
60 66 198 0
48 -293 -441 0
-99 -124 411 0
-95 265 -281 0
-9 141 192 0
187 223 -282 0
-339 360 -478 0
-153 263 -303 0
-355 459 -483 0
13 113 -252 0
-128 211 -317 0
-10 219 361 0
-25 -33 -189 0
285 -382 -453 0
187 256 -270 0
-130 387 -420 0
-38 -278 -321 0
56 135 445 0
138 -440 -461 0
-121 -256 -494 0
124 205 -331 0
137 251 -273 0
-43 149 253 0
136 -326 -485 0
15 -383 431 0
49 364 -370 0
118 343 -390 0
-252 -263 -391 0
76 -274 -321 0
-9 18 -406 0
76 -117 -250 0
34 430 -458 0
-109 396 -489 0
-293 -378 -492 0
86 162 -241 0
198 201 -400 0
260 -433 457 0
-13 -71 250 0
-82 149 345 0
56 176 -244 0
292 313 -445 0
-159 -191 -381 0
-126 245 273 0
49 94 -396 0
129 -144 208 0
-48 -314 430 0
221 280 315 0
136 357 397 0
292 -358 375 0
87 -426 -432 0
202 -348 350 0
-87 107 -487 0
280 375 458 0
-180 -190 -470 0
246 440 -495 0
22 277 -393 0
-176 -420 -457 0
180 -194 -492 0
-139 -362 431 0
15 -105 -271 0
-97 218 236 0
-19 48 -227 0
5 -247 -262 0
-20 -116 -170 0
180 363 365 0
118 156 364 0
-7 79 -421 0
107 425 476 0
10 15 256 0
350 442 -478 0
-20 384 460 0
-66 138 -282 0
126 352 404 0
-361 -379 437 0
28 -170 439 0
-74 -398 421 0
131 -282 442 0
4 417 486 0
161 -341 349 0
137 -453 455 0
160 -424 460 0
-171 -224 378 0
7 -180 471 0
1 -62 443 0
84 -190 -372 0
98 -300 -439 0
47 -350 425 0
219 255 -307 0
69 395 -452 0
63 -368 481 0
163 225 256 0
-142 -309 409 0
-103 -109 410 0
-284 -285 -419 0
247 283 -339 0
-224 -298 383 0
-63 -236 237 0
-57 -61 -141 0
16 -121 297 0
-26 -53 394 0
-261 -456 -470 0
-162 255 386 0
205 217 -381 0
25 -116 236 0
286 -350 460 0
-225 266 -387 0
-152 -283 374 0
60 -421 -456 0
-110 267 -334 0
-140 141 -199 0
252 -458 496 0
-90 -258 393 0
-96 -108 -286 0
-4 205 217 0
161 -382 390 0
-30 -85 -179 0
89 219 -372 0
-74 158 250 0
-208 -383 468 0
-62 -69 269 0
312 374 -463 0
126 -400 -485 0
116 -305 328 0
84 -371 441 0
-35 107 266 0
-120 -132 338 0
27 -237 -246 0
-48 109 352 0
19 322 346 0
145 303 -307 0
27 -96 223 0
113 394 -468 0
82 -189 -371 0
184 386 477 0
-185 329 -352 0
-297 -333 463 0
-27 249 453 0
-135 -396 498 0
173 -372 384 0
-250 327 -385 0
1 47 -178 0
-85 -306 469 0
-96 -275 391 0
45 -248 -295 0
-166 207 385 0
69 -318 -320 0
-42 -141 293 0
-253 -275 465 0
219 341 484 0
-12 -207 -422 0
216 -269 317 0
-32 234 245 0
309 377 -470 0
10 242 418 0
120 220 348 0
249 274 -286 0
98 161 -468 0
8 -115 -234 0
-28 155 -358 0
299 -335 414 0
29 -44 226 0
41 169 223 0
-94 185 -436 0
5 -193 -380 0
-182 -392 446 0
16 91 104 0
-147 435 -450 0
-52 -102 385 0
201 208 -272 0
-21 82 154 0
-315 -389 456 0
-218 352 410 0
-135 388 -455 0
13 332 345 0
2 95 -393 0
-69 -416 462 0
141 -191 417 0
-12 141 -452 0
168 -188 447 0
-44 -326 342 0
-4 -179 445 0
223 -391 488 0
91 246 -447 0
-107 189 -302 0
343 -347 484 0
-38 88 -124 0
294 359 380 0
17 -61 204 0
200 322 427 0
13 -363 448 0
129 255 292 0
-315 421 -448 0
-155 -301 -393 0
30 69 -462 0
244 -275 294 0
204 -278 458 0
-257 321 386 0
-120 -349 367 0
36 97 -168 0
134 294 -362 0
107 206 439 0
115 159 490 0
-91 -250 -346 0
175 452 -491 0
19 -182 -405 0
-40 357 500 0
-145 -222 335 0
-83 -315 -453 0
-87 -226 -469 0
279 282 481 0
-44 94 385 0
300 -315 -487 0
115 -122 -239 0
162 -295 -347 0
-361 -432 -447 0
-165 218 -498 0
-80 -150 283 0
-65 347 430 0
230 285 -383 0
-92 -317 484 0
-24 470 486 0
-40 342 439 0
-119 -226 -326 0
28 327 452 0
41 -142 231 0
58 -86 -110 0
96 -196 -432 0
-363 417 -485 0
74 162 -284 0
324 470 -479 0
-106 -209 311 0
63 118 -144 0
-25 211 455 0
121 -270 -281 0
136 -228 238 0
-68 -216 -443 0
81 282 380 0
84 99 -129 0
116 -210 -290 0
120 -298 -301 0
-148 338 -370 0
-119 291 -396 0
-171 -201 238 0
67 219 400 0
-130 249 -444 0
276 -424 487 0
42 72 -158 0
282 -363 467 0
-131 147 -156 0
77 -354 -417 0
122 234 -492 0
94 376 -397 0
156 280 416 0
35 81 482 0
331 -408 -468 0
-38 158 -257 0
74 114 -211 0
-124 176 -464 0
208 -255 -295 0
199 -437 -463 0
95 254 -321 0
-11 110 151 0
70 -350 -493 0
-84 -216 472 0
-342 415 -428 0
158 276 -346 0
180 -281 -499 0
-135 -252 -484 0
-81 -305 -365 0
18 66 -257 0
-50 -404 -480 0
-6 311 381 0
-216 -288 476 0
-136 -245 -392 0
124 -212 -306 0
81 -121 -370 0
-250 -269 455 0
-278 -367 496 0
116 252 -305 0
104 132 -147 0
-22 219 -281 0
53 117 -226 0
146 -457 -479 0
-44 -67 212 0
-193 221 -294 0
97 216 225 0
117 -277 -453 0
-76 -98 -438 0
-7 30 263 0
-95 -98 -314 0
-17 -391 395 0
-383 394 -421 0
49 360 487 0
-145 172 475 0
-217 -233 463 0
-44 -158 412 0
-21 74 364 0
-7 -115 428 0
-133 253 -394 0
-165 215 365 0
-42 -96 -182 0
57 -86 -390 0
-66 242 -246 0
122 -135 263 0
113 175 -182 0
169 376 413 0
-96 191 278 0
-209 356 -497 0
-16 -279 498 0
-115 -122 328 0
89 -391 -455 0
-34 158 306 0
88 209 291 0
-111 131 -279 0
252 -308 313 0
-222 235 -495 0
55 108 173 0
-17 61 -266 0
104 317 338 0
-227 272 -438 0
172 -234 -362 0
-57 -270 -285 0
134 264 297 0
-170 -176 -194 0
134 322 361 0
37 -304 421 0
-386 -461 -496 0
-114 -225 -404 0
105 223 485 0
-17 -112 -377 0
-127 201 448 0
-62 310 -343 0
133 -317 365 0
-228 -306 470 0
114 -327 -352 0
-174 238 -268 0
90 107 417 0
-112 -412 442 0
43 -103 -347 0
116 243 260 0
-12 -385 -477 0
276 -412 -449 0
-60 -228 351 0
-285 -399 462 0
-151 -162 -326 0
227 254 -483 0
-81 -396 412 0
-359 -467 478 0
57 -160 -175 0
242 361 405 0
-127 -211 228 0
-66 -208 416 0
-41 -232 336 0
-270 306 427 0
-383 411 -435 0
-29 -78 -216 0
27 339 -397 0
-62 329 427 0
4 48 -252 0
178 -225 469 0
46 129 360 0
-204 291 -390 0
220 315 418 0
169 -231 432 0
-11 -19 102 0
223 -326 -333 0
395 448 460 0
-104 -403 -446 0
-5 -212 -340 0
61 -182 -382 0
28 29 329 0
-176 -236 -286 0
-59 -323 468 0
254 312 -466 0
-101 -103 -336 0
-174 269 -419 0
-172 297 -351 0
15 -21 357 0
-103 179 -317 0
232 -333 360 0
180 -200 -242 0
116 -148 -379 0
-187 206 -235 0
40 46 271 0
-74 175 402 0
-42 159 444 0
55 -75 91 0
-22 79 -175 0
-67 -178 499 0
99 372 -420 0
-231 234 446 0
-33 -75 -229 0
144 -175 -346 0
-99 234 -315 0
180 -292 378 0
50 -308 -405 0
58 -228 -461 0
-138 431 -490 0
-119 -340 -452 0
-64 65 -436 0
-120 141 483 0
19 22 -397 0
116 -319 425 0
130 -240 -298 0
115 443 -485 0
210 221 -253 0
281 328 386 0
229 -365 -419 0
-18 241 -469 0
179 238 254 0
-41 82 494 0
-133 -266 276 0
-162 -433 487 0
88 153 -375 0
-284 353 437 0
19 347 -418 0
-89 281 413 0
-9 91 423 0
124 -207 390 0
107 167 -493 0
114 -246 422 0
-44 -96 302 0
23 -26 -287 0
123 398 -466 0
-194 -339 416 0
312 348 -394 0
164 197 -358 0
-58 -100 -489 0
49 223 455 0
66 -429 477 0
90 334 457 0
61 -397 -497 0
252 307 -425 0
314 386 451 0
-10 149 224 0
207 -375 384 0
76 -339 -482 0
-8 105 -400 0
-31 -440 486 0
100 258 383 0
172 192 281 0
109 348 479 0
-70 204 -333 0
59 220 418 0
-57 -211 -450 0
197 365 419 0
-235 417 -469 0
77 233 -371 0
-198 235 415 0
121 -236 -410 0
26 67 406 0
-26 -160 -277 0
-263 466 474 0
-53 -237 248 0
-145 189 -455 0
-35 58 -306 0
-9 -141 -387 0
-112 152 451 0
57 307 362 0
-34 124 -383 0
77 -192 -482 0
1 -195 217 0
333 372 -449 0
143 355 364 0
73 231 -347 0
-96 282 334 0
-78 122 180 0
126 -133 345 0
-12 -227 -294 0
-9 214 413 0
-329 -426 -480 0
-75 -120 189 0
-50 349 -397 0
129 140 -298 0
-47 450 -469 0
33 330 488 0
-110 -164 -437 0
138 -196 391 0
-36 210 -340 0
8 -11 204 0
-148 -268 301 0
-34 -152 247 0
-123 167 437 0
-363 412 482 0
16 408 466 0
-22 83 434 0
31 -365 -463 0
-94 496 -498 0
-98 -110 245 0
120 -154 -159 0
87 -188 -470 0
-89 340 -433 0
-102 -282 -396 0
-34 228 -479 0
-32 -331 473 0
291 320 -358 0
-116 -231 394 0
153 293 433 0
-377 396 472 0
-185 -308 363 0
-196 -248 -451 0
205 344 -369 0
106 242 482 0
217 -446 -497 0
-74 -92 -366 0
-195 273 419 0
-64 -218 -266 0
-25 -45 479 0
-105 114 474 0
36 -190 321 0
103 190 -402 0
-73 259 275 0
-220 -378 444 0
52 151 330 0
50 385 -481 0
-316 -488 -489 0
-19 -90 -199 0
37 -268 -320 0
-21 -304 -413 0
-162 366 -392 0
-192 387 -472 0
-133 274 288 0
-197 426 -462 0
-211 381 -432 0
2 154 397 0
-125 266 -288 0
-289 293 -324 0
-21 121 151 0
-207 357 461 0
246 269 -351 0
-30 382 399 0
-368 -450 462 0
130 -385 469 0
-5 415 448 0
55 -291 358 0
-133 236 -291 0
215 -241 -478 0
-200 -311 -389 0
241 -462 498 0
44 -110 232 0
-274 -313 342 0
47 -309 321 0
-196 -380 -467 0
-21 154 409 0
-224 477 -495 0
104 291 -301 0
-75 460 486 0
-42 79 139 0
-8 42 138 0
289 -328 389 0
-220 270 429 0
-119 306 441 0
227 282 357 0
-37 -316 466 0
-330 -355 376 0
-45 238 483 0
-89 -269 478 0
-15 -65 -446 0
-29 -205 455 0
26 -217 469 0
65 295 490 0
-56 61 102 0
-313 387 444 0
-92 -275 448 0
5 103 -252 0
-248 304 366 0
-287 361 454 0
-141 -290 419 0
-174 312 433 0
-391 -435 461 0
-218 265 478 0
9 181 375 0
-41 68 424 0
205 -274 -439 0
-212 -461 485 0
-154 -307 -458 0
-37 -96 496 0
288 -298 311 0
-3 133 -240 0
-50 -187 -462 0
27 -270 418 0
60 -75 -326 0
-298 -334 386 0
-29 155 -260 0
127 132 -425 0
-67 169 -286 0
-122 -152 -456 0
45 -221 -413 0
-267 285 -337 0
-59 177 -453 0
134 140 364 0
-70 173 454 0
-7 51 -243 0
28 339 -459 0
-147 -333 474 0
32 319 -419 0
-25 -95 -429 0
148 344 -462 0
133 437 -480 0
-69 233 -337 0
200 255 -328 0
154 460 474 0
50 -90 397 0
-152 -255 471 0
41 -236 402 0
33 -79 -297 0
40 417 430 0
-362 -443 -477 0
407 449 -489 0
-169 280 347 0
33 -69 412 0
337 471 495 0
296 -356 -396 0
-214 374 382 0
111 338 -448 0
100 376 -418 0
-51 -170 -251 0
68 -148 -414 0
102 157 -366 0
-62 86 -385 0
10 -139 150 0
136 273 -435 0
10 11 281 0
232 398 422 0
-381 427 -437 0
-216 334 419 0
268 315 395 0
-103 444 -453 0
31 -157 219 0
-144 401 493 0
-2 33 181 0
125 -313 -412 0
34 90 386 0
-49 -268 377 0
1 352 -411 0
-73 255 -398 0
180 -387 420 0
117 277 347 0
104 247 -409 0
-74 276 -320 0
-117 -121 -210 0
243 -348 433 0
-238 -418 -433 0
-281 -297 386 0
33 324 -489 0
-2 79 -287 0
-68 -135 252 0
-111 158 189 0
-64 258 -456 0
-21 -296 -378 0
356 421 498 0
48 -248 323 0
-43 -167 475 0
-447 -482 486 0
224 268 283 0
-44 -53 206 0
-10 -250 -387 0
105 345 -406 0
171 376 -494 0
-63 339 487 0
162 -173 238 0
91 217 -222 0
-273 322 -328 0
-35 107 472 0
151 -383 -388 0
-49 145 219 0
140 322 -455 0
-93 168 -477 0
-105 -230 -267 0
-3 -220 -348 0
-169 216 483 0
-124 228 398 0
-61 226 -360 0
150 -228 -498 0
173 -200 459 0
335 356 -491 0
167 -180 314 0
27 -98 153 0
-149 -155 -213 0
310 -334 -462 0
70 165 440 0
23 216 -226 0
-197 457 -467 0
-177 265 425 0
-87 -206 499 0
30 95 245 0
-222 -285 493 0
12 -44 -213 0
163 452 -459 0
211 261 298 0
-159 195 -449 0
150 207 414 0
20 -104 428 0
280 331 340 0
160 319 433 0
-33 64 -390 0
-92 -241 368 0
54 -139 169 0
412 -416 499 0
13 -349 -480 0
75 200 -396 0
-15 -139 -470 0
57 58 119 0
-287 333 349 0
41 -278 345 0
-87 -254 414 0
92 197 438 0
-17 -381 -389 0
-85 -126 -198 0
168 -279 -311 0
74 -339 452 0
80 -247 473 0
166 -291 303 0
49 -117 -407 0
-165 -236 -439 0
198 336 482 0
-137 277 328 0
-151 272 343 0
9 158 398 0
-279 285 315 0
-126 274 474 0
-426 463 -478 0
42 332 356 0
-237 -290 346 0
38 -219 355 0
-77 -191 -461 0
-45 -181 -459 0
-33 78 116 0
235 294 482 0
108 350 -467 0
-14 -172 -293 0
-124 152 253 0
36 140 -419 0
379 -405 -446 0
-33 230 -346 0
-147 -179 -232 0
107 239 -368 0
-38 -375 424 0
117 328 352 0
153 -413 460 0
3 73 179 0
-85 294 348 0
179 218 -282 0
149 256 327 0
236 473 -489 0
-142 301 355 0
-128 -223 -450 0
-75 291 377 0
226 -241 -252 0
86 -269 462 0
-33 98 -487 0
438 -447 456 0
181 265 -393 0
136 -147 -170 0
-46 -105 -389 0
-86 228 -274 0
-9 16 62 0
46 362 459 0
1 164 321 0
-102 -329 380 0
-90 448 -499 0
65 88 473 0
-60 -405 -416 0
97 -321 347 0
330 354 365 0
1 131 434 0
125 302 -316 0
418 -451 -482 0
197 230 442 0
-103 -342 -383 0
124 -141 262 0
-12 -38 69 0
44 -258 334 0
-54 331 -378 0
247 266 416 0
-67 341 414 0
-40 -246 -417 0
103 432 -488 0
-73 -116 391 0
-286 404 -432 0
-3 -24 -68 0
10 77 -295 0
38 -331 389 0
76 141 375 0
18 101 -500 0
204 -335 -355 0
231 -236 -482 0
133 -176 395 0
143 -273 446 0
47 143 -198 0
169 214 225 0
71 360 480 0
195 283 -404 0
-190 -284 -486 0
-32 -88 448 0
-92 -236 347 0
250 463 -469 0
-104 -331 339 0
-154 308 321 0
-297 -473 -500 0
214 469 -473 0
-29 304 -364 0
94 256 -274 0
-118 134 165 0
161 433 464 0
-32 -138 -287 0
217 -285 291 0
173 -420 -425 0
-312 413 -497 0
-85 321 365 0
-13 -25 -395 0
114 -173 297 0
134 -334 352 0
-24 165 180 0
-71 -170 358 0
-2 -122 460 0
157 -324 -331 0
20 322 -438 0
197 317 -358 0
47 134 418 0
-221 -253 344 0
59 133 190 0
196 -277 414 0
-159 227 390 0
-110 115 323 0
38 418 464 0
79 -209 394 0
35 -255 -325 0
-8 186 429 0
121 411 461 0
-348 359 -376 0
-138 -184 -267 0
26 97 -308 0
-30 -347 -461 0
-35 -151 409 0
27 -55 -79 0
-207 223 491 0
-194 -302 -388 0
-135 295 428 0
58 240 -447 0
-9 23 -43 0
146 269 488 0
-98 303 386 0
-10 -165 486 0
-140 -159 493 0
84 -278 -478 0
-149 214 -360 0
-4 -268 -467 0
-48 -430 -449 0
-191 -367 -455 0
-137 -284 -376 0
41 94 -400 0
-101 248 -405 0
-14 -35 187 0
202 342 -447 0
-91 219 -416 0
97 299 368 0
-33 36 -263 0
229 -299 -465 0
33 -170 276 0
133 376 -426 0
-278 -339 -361 0
1 128 -180 0
67 -172 450 0
-142 -196 397 0
264 279 411 0
-30 -31 -352 0
-50 57 359 0
30 -309 -458 0
-42 179 426 0
-8 -190 -331 0
-10 -121 354 0
84 392 411 0
-68 -266 -445 0
59 86 -298 0
116 327 -342 0
224 237 328 0
86 384 -457 0
143 -287 432 0
309 378 436 0
13 75 -497 0
-40 325 -436 0
-221 -359 444 0
-253 275 370 0
-11 -211 276 0
-215 367 499 0
140 199 225 0
40 -123 161 0
-58 -64 109 0
93 -134 -380 0
61 -94 -234 0
156 164 -471 0
146 168 282 0
130 -219 -474 0
-328 -342 -457 0
132 -378 -420 0
-82 -195 -363 0
114 -154 230 0
162 206 -250 0
-330 -395 -411 0
52 -113 -370 0
204 -268 443 0
364 -377 400 0
-274 -467 -473 0
-282 -347 420 0
254 282 -366 0
31 225 -282 0
-24 -118 -320 0
-371 431 -475 0
123 153 377 0
-275 301 -361 0
38 -91 -191 0
145 228 431 0
-55 -389 499 0
-49 327 333 0
-268 427 445 0
159 336 386 0
164 -207 479 0
239 295 -485 0
-334 392 -394 0
114 285 371 0
112 -329 -447 0
275 -298 -460 0
-144 -299 329 0
2 -188 237 0
-146 -288 -500 0
58 176 268 0
360 393 411 0
104 -191 453 0
92 423 493 0
-21 -307 388 0
-102 189 -192 0
-252 -379 392 0
71 -303 463 0
54 -332 -481 0
199 -286 -475 0
-92 -113 -204 0
-29 -253 -440 0
35 -97 -473 0
-45 115 -397 0
139 -258 -294 0
95 133 -456 0
-246 -309 -380 0
275 -373 446 0
49 70 489 0
-191 203 379 0
185 -282 -439 0
-165 -203 244 0
-98 -203 292 0
289 -398 -415 0
131 151 197 0
161 231 -488 0
97 -375 466 0
24 -114 -485 0
-262 410 426 0
-49 109 -495 0
-11 282 335 0
118 283 303 0
-349 469 -486 0
15 179 -251 0
93 355 -453 0
-19 152 -184 0
-235 -439 -495 0
-175 -190 303 0
73 -188 485 0
-88 -290 477 0
152 -346 -347 0
-21 349 -500 0
67 -243 250 0
-74 103 -187 0
-136 -285 -293 0
11 124 162 0
154 -353 -395 0
-251 299 -389 0
143 -188 467 0
96 436 -453 0
-304 -387 395 0
-98 384 435 0
161 353 -406 0
99 -321 416 0
176 258 403 0
356 385 -460 0
85 -126 -478 0
-124 321 435 0
-186 -259 -459 0
1 304 391 0
-71 138 -215 0
-202 217 240 0
229 289 -495 0
-41 -77 268 0
51 157 264 0
-75 131 -337 0
349 -377 448 0
2 -194 384 0
188 285 -469 0
-73 163 -175 0
10 155 -441 0
-27 -189 414 0
-224 -264 360 0
230 -258 326 0
99 249 383 0
38 431 446 0
-289 352 -417 0
118 243 -296 0
-110 290 355 0
88 120 270 0
-94 122 -292 0
-159 -245 -473 0
162 193 218 0
-79 -325 -370 0
23 261 -354 0
219 -234 408 0
-79 -353 460 0
107 -305 462 0
-116 -361 369 0
8 -9 -85 0
79 374 -417 0
-2 -106 -449 0
118 264 355 0
22 110 391 0
50 -132 -384 0
289 325 -329 0
17 104 454 0
30 98 163 0
96 200 386 0
-213 -288 417 0
44 -74 81 0
33 314 342 0
182 -349 459 0
-107 209 -402 0
-5 -288 -456 0
286 316 -348 0
10 353 -374 0
13 -182 -349 0
1 135 258 0
168 -279 -483 0
-55 -88 445 0
270 277 -500 0
-74 160 -273 0
135 167 265 0
56 77 459 0
-7 82 -244 0
214 -392 -431 0
13 -244 304 0
-23 -108 353 0
108 -249 360 0
56 -190 284 0
-15 61 -495 0
70 -158 -217 0
-254 -314 -326 0
-61 155 447 0
357 443 484 0
-35 -453 473 0
31 244 334 0
-200 201 484 0
226 -329 458 0
-3 129 270 0
-92 270 437 0
145 301 -433 0
40 -243 -440 0
266 314 -334 0
243 -426 476 0
415 483 -499 0
-98 311 -439 0
-41 115 376 0
-337 367 414 0
-110 -300 -365 0
47 156 477 0
296 309 349 0
-10 -259 307 0
79 253 326 0
38 -180 222 0
186 187 291 0
-185 240 359 0
20 433 488 0
16 69 -372 0
-158 431 440 0
-117 -300 -436 0
174 414 -439 0
183 307 426 0
-86 -152 368 0
260 -381 498 0
40 47 -303 0
115 -122 386 0
-229 -260 -388 0
-114 215 -261 0
-12 -180 -326 0
22 -334 474 0
286 -326 -370 0
-221 -399 -472 0
127 -323 446 0
-239 -304 334 0
-235 -279 483 0
-61 -111 -413 0
-62 -166 451 0
-176 -288 330 0
-4 43 314 0
82 306 -396 0
21 61 427 0
-13 -180 -213 0
184 381 457 0
238 240 -464 0
273 -278 418 0
105 -258 300 0
-248 -395 498 0
-120 364 424 0
-150 215 285 0
39 44 432 0
118 185 -249 0
45 93 424 0
179 -417 -452 0
251 -331 -344 0
106 -156 -356 0
-39 -193 -392 0
32 83 -417 0
-115 -388 -480 0
-8 216 -244 0
40 -405 465 0
-115 -155 -458 0
-36 -265 378 0
-272 -299 385 0
91 -267 -369 0
101 -129 -401 0
145 -292 406 0
181 374 -475 0
67 -151 -397 0
304 -483 487 0
109 -140 -298 0
-92 211 470 0
-134 -307 -378 0
-206 -214 226 0
25 241 -363 0
-61 -161 -372 0
-27 -51 395 0
-182 -418 -453 0
-38 112 -358 0
85 -154 -243 0
-191 281 320 0
15 -331 390 0
78 149 187 0
-91 -337 -342 0
-184 -242 -330 0
120 163 -242 0
-219 299 435 0
25 317 -370 0
180 -224 -389 0
-258 -287 482 0
114 298 -345 0
90 340 -429 0
-106 -276 306 0
27 199 456 0
-362 -444 475 0
-106 421 -471 0
-152 170 -285 0
311 -387 -410 0
-149 -156 -404 0
15 -265 307 0
-62 97 -221 0
421 490 -500 0
347 393 -413 0
-77 -487 -490 0
-8 -260 416 0
-118 171 -207 0
-247 -283 -468 0
-262 315 -473 0
-192 319 466 0
65 -259 -295 0
-122 -129 483 0
191 -238 -313 0
-57 277 -332 0
208 418 487 0
-4 141 340 0
-204 374 -498 0
-7 -56 -403 0
222 380 -411 0
3 74 488 0
4 -103 -179 0
-5 386 432 0
39 223 342 0
94 165 -462 0
81 -157 -239 0
78 -238 486 0
13 -344 -369 0
-270 -312 448 0
121 -408 -433 0
191 267 -361 0
-125 203 317 0
-255 364 -474 0
168 252 -453 0
120 386 -472 0
-109 179 449 0
156 257 344 0
-13 -200 -300 0
-17 192 -379 0
171 -417 -422 0
-46 300 -405 0
315 437 469 0
65 177 458 0
210 -319 -458 0
210 -410 -431 0
163 251 -395 0
-117 319 -340 0
4 49 194 0
19 382 417 0
189 -339 -404 0
361 -396 -441 0
19 -96 -450 0
185 -191 -202 0
81 -221 437 0
-11 157 -244 0
49 133 -485 0
-50 236 351 0
-119 360 -422 0
261 289 297 0
106 379 -446 0
71 138 -339 0
-78 149 -210 0
-25 113 -451 0
-221 -268 -427 0
28 -289 476 0
-201 -389 -413 0
-256 310 416 0
-233 -311 432 0
51 -203 -220 0
-160 -248 484 0
-35 -135 -443 0
-81 -131 411 0
22 -319 -489 0
-21 -186 -251 0
82 -246 -496 0
-173 380 -470 0
88 -391 393 0
84 -137 187 0
-42 253 369 0
333 -383 450 0
119 275 451 0
190 258 -464 0
-90 96 -315 0
-128 -130 -258 0
-142 -204 410 0
81 167 419 0
75 183 246 0
257 431 498 0
8 -403 -494 0
58 -256 -453 0
189 -204 307 0
162 337 -363 0
133 385 -433 0
32 132 426 0
-59 -161 -331 0
11 46 -448 0
170 -311 460 0
-222 276 323 0
-320 482 -488 0
-197 -232 465 0
-22 -207 289 0
69 -165 -372 0
431 -451 -476 0
-346 356 -480 0
-24 -26 -469 0
67 194 -396 0
143 -220 -359 0
-61 -212 281 0
-59 -270 -355 0
-160 -190 -383 0
-218 -292 -312 0
-100 -217 -359 0
-299 354 -489 0
-297 -318 -349 0
162 -282 -292 0
-350 440 -486 0
242 357 -476 0
160 352 413 0
58 -296 340 0
5 -72 340 0
97 281 368 0
-41 355 370 0
9 334 480 0
310 -329 496 0
161 -489 496 0
-134 -303 318 0
78 -254 496 0
14 -126 -288 0
108 -209 221 0
249 294 315 0
15 -161 -417 0
-171 396 -464 0
50 -208 -257 0
-191 436 476 0
27 -37 -403 0
-86 -181 -398 0
-50 143 203 0
-155 -259 -267 0
-108 198 406 0
-373 375 424 0
180 -366 -445 0
38 338 379 0
52 105 258 0
-302 405 412 0
-28 -127 366 0
89 280 401 0
130 278 -386 0
175 194 -264 0
-81 124 -259 0
-340 -389 -414 0
-119 -255 372 0
-86 373 -447 0
108 -138 298 0
-96 -376 -451 0
124 -131 228 0
185 231 -346 0
-3 -50 -349 0
64 -182 464 0
-68 271 -276 0
238 400 441 0
-33 285 471 0
-108 -116 291 0
-184 254 267 0
-157 -196 299 0
-64 -186 -336 0
23 108 489 0
151 256 403 0
283 -382 -396 0
-16 294 475 0
-102 -200 -418 0
71 293 442 0
38 95 381 0
-75 -335 -346 0
-226 -346 466 0
-220 -287 -478 0
-75 385 -443 0
-105 -286 -378 0
109 -297 455 0
16 -42 -203 0
-176 362 408 0
-60 84 170 0
45 -206 -391 0
-306 -335 -379 0
-157 297 -462 0
-273 456 459 0
16 309 431 0
-250 385 -483 0
67 -425 435 0
-169 172 367 0
223 -344 393 0
-227 -257 408 0
134 398 -460 0
-362 405 412 0
-99 141 143 0
-37 97 -443 0
-195 348 -469 0
100 -190 288 0
6 176 292 0
131 -261 458 0
267 -325 -474 0
-16 146 420 0
-37 180 -196 0
-71 256 332 0
-98 -114 298 0
-231 338 -482 0
12 -312 314 0
15 -206 -472 0
-273 380 -406 0
71 -289 494 0
140 -187 -378 0
-14 191 -435 0
-375 -380 -384 0
64 114 -358 0
88 269 -343 0
350 -362 431 0
-111 142 480 0
133 -213 320 0
-287 300 -498 0
114 215 471 0
-354 397 474 0
249 448 -476 0
34 244 -272 0
257 264 -331 0
41 -253 -383 0
-237 -258 447 0
33 284 464 0
-2 -232 -398 0
-81 260 470 0
-185 197 -444 0
291 -346 378 0
-10 303 437 0
-19 124 319 0
238 -254 374 0
-115 207 428 0
275 317 -474 0
44 174 357 0
-148 222 -328 0
-27 -91 -260 0
184 193 -259 0
-373 419 486 0
141 -207 238 0
263 294 -409 0
-24 -371 -393 0
-190 195 479 0
230 236 436 0
-199 247 312 0
-91 -310 437 0
99 386 436 0
2 13 20 0
-104 452 -497 0
-101 140 -460 0
127 232 -481 0
-310 371 372 0
-103 -321 -434 0
5 -46 -271 0
1 51 246 0
-45 -101 225 0
20 -87 136 0
-131 -161 -391 0
263 -329 479 0
-220 272 412 0
-1 -119 -387 0
-84 119 -222 0
77 -161 336 0
245 289 412 0
-38 238 260 0
-34 -123 -176 0
148 -181 -355 0
-235 -258 414 0
-58 306 376 0
-117 -479 484 0
-1 -264 -464 0
-4 137 349 0
12 -137 -141 0
247 -400 -458 0
-35 139 173 0
103 -248 -446 0
112 137 -334 0
-29 120 192 0
-9 173 -253 0
-21 -101 -217 0
24 -301 -471 0
40 -390 407 0
42 -295 371 0
-311 -375 493 0
-241 -243 370 0
-248 367 -492 0
-175 389 403 0
160 -235 -452 0
155 475 -476 0
-106 -256 -396 0
-123 210 299 0
-146 347 -362 0
-247 299 -446 0
290 438 -491 0
-84 144 -195 0
-268 -477 -497 0
208 -239 420 0
33 -156 409 0
31 -167 -477 0
111 329 483 0
-15 194 289 0
-145 233 357 0
-53 125 -375 0
3 224 -466 0
-189 379 459 0
117 124 -442 0
-33 185 -297 0
138 273 295 0
41 -174 468 0
142 -246 285 0
-147 -263 305 0
-358 441 -442 0
-330 -390 454 0
100 -223 -287 0
-69 -392 -396 0
-23 -246 -419 0
28 -46 -455 0
-60 -177 -298 0
39 89 -175 0
83 -120 -221 0
-199 -259 350 0
-120 231 263 0
-134 -410 478 0
31 107 355 0
-110 451 -498 0
77 127 -444 0
-24 -212 -411 0
-201 -241 369 0
173 175 182 0
140 -472 -477 0
260 -314 -414 0
-85 251 384 0
-10 -342 392 0
267 -270 -364 0
231 -275 -436 0
329 339 353 0
124 135 -236 0
172 -271 -385 0
44 -321 358 0
-92 -134 307 0
104 -127 -332 0
-252 -415 455 0
-232 268 380 0
15 336 467 0
-20 123 396 0
140 169 -234 0
100 -449 455 0
57 252 -448 0
-101 186 366 0
-156 239 -274 0
-233 356 481 0
399 -473 476 0
31 402 -474 0
-55 93 389 0
112 -434 -461 0
143 -359 -476 0
-9 185 395 0
-221 274 -342 0
-52 158 448 0
186 -215 -446 0
-47 -150 -185 0
99 -234 -346 0
82 -308 376 0
232 -298 426 0
226 -423 -447 0
-54 -270 -350 0
190 -289 -417 0
-101 456 -479 0
-34 -165 -470 0
-222 396 -439 0
-12 -356 430 0
-6 -56 -172 0
61 411 -445 0
-11 254 -347 0
86 -303 454 0
72 -157 484 0
189 230 309 0
-210 -227 321 0
-21 50 203 0
171 215 241 0
-103 217 -249 0
208 303 -485 0
87 -312 -449 0
145 -336 431 0
-14 -214 357 0
-107 -274 479 0
-182 202 269 0
39 -164 180 0
-3 -363 -479 0
-148 -289 371 0
129 384 -419 0
-10 -84 406 0
102 -156 402 0
-192 421 -496 0
-71 239 364 0
107 -202 -460 0
-394 -433 459 0
-136 -319 -438 0
-75 -146 475 0
-3 125 472 0
115 -305 -364 0
97 -185 -271 0
-210 -332 -410 0
314 373 392 0
50 121 -296 0
-82 102 -230 0
-302 347 456 0
-284 -418 429 0
187 384 412 0
145 308 425 0
-25 182 -243 0
-34 257 493 0
-45 -99 313 0
-156 -377 396 0
-20 -227 426 0
-45 97 -475 0
66 -74 -343 0
102 -387 414 0
37 79 418 0
65 -193 392 0
-231 -372 423 0
-49 150 -378 0
362 -470 -489 0
-110 458 488 0
56 -423 452 0
-175 -273 -412 0
-127 284 407 0
-153 265 -266 0
-99 113 480 0
-217 415 453 0
-79 213 -421 0
349 359 -410 0
145 360 -394 0
106 -259 455 0
-7 -174 -210 0
-94 -186 -372 0
-171 383 -456 0
-219 -329 -447 0
20 -290 415 0
54 -205 252 0
-334 -355 494 0
-13 279 427 0
248 281 -316 0
-28 -323 406 0
-9 -456 480 0
341 -448 -454 0
-119 394 -462 0
-23 356 -496 0
152 194 -440 0
-114 173 -347 0
-223 308 459 0
-260 406 425 0
131 -150 228 0
1 99 -184 0
-84 85 432 0
128 145 -283 0
50 330 360 0
23 100 -374 0
-404 459 489 0
-104 167 412 0
303 427 485 0
-1 -105 206 0
150 -201 213 0
53 -314 318 0
66 -463 470 0
100 159 170 0
102 -148 -247 0
-258 389 -449 0
-267 298 466 0
-241 383 417 0
-6 -91 -472 0
235 454 -472 0
71 -360 -449 0
-128 -159 -267 0
-182 -369 498 0
-144 421 -447 0
186 220 -353 0
235 -441 442 0
-102 -248 -341 0
23 57 -420 0
-36 -176 436 0
315 -369 404 0
53 -54 191 0
90 -240 410 0
156 -393 -488 0
-7 309 441 0
-107 -417 499 0
-18 241 -255 0
149 356 -387 0
91 111 -390 0
-87 -357 418 0
-63 94 230 0
-146 465 481 0
311 324 350 0
-427 497 499 0
78 383 454 0
-65 -255 383 0
-52 -61 -287 0
17 205 405 0
130 223 287 0
-304 -307 -317 0
141 -329 363 0
125 435 462 0
-114 128 332 0
173 -252 -484 0
269 -320 -452 0
204 270 -295 0
108 -109 -278 0
-39 322 329 0
-124 152 -408 0
116 -134 -186 0
-93 140 296 0
146 285 -333 0
141 159 345 0
-291 -371 443 0
56 -194 353 0
104 -247 -445 0
181 -250 356 0
19 444 468 0
-121 -312 -475 0
56 192 440 0
106 445 465 0
-176 395 -449 0
216 450 -464 0
-182 -433 -496 0
-238 -346 350 0
-28 -41 -219 0
26 235 -397 0
-128 -470 492 0
60 71 150 0
67 251 304 0
-88 260 478 0
-362 -424 472 0
3 -246 -473 0
10 444 -492 0
-165 301 -422 0
-235 -322 402 0
162 283 320 0
-61 185 -340 0
115 301 -306 0
-351 434 447 0
-154 155 -206 0
-58 80 -244 0
-117 288 -455 0
-323 364 400 0
97 -219 -431 0
123 -214 -494 0
-172 -326 -338 0
-229 234 -383 0
87 375 -475 0
-189 -417 -447 0
-6 -54 -61 0
194 -418 448 0
-6 -213 374 0
174 -210 -268 0
-14 396 457 0
142 -169 458 0
69 294 -445 0
17 288 -306 0
-174 291 364 0
111 211 312 0
53 -133 -234 0
-250 -254 -301 0
305 403 -419 0
105 -320 382 0
33 -47 73 0
34 -177 304 0
-38 133 -238 0
192 -207 -314 0
-37 -223 -235 0
75 -193 -236 0
23 -59 -134 0
-153 187 200 0
33 -285 -330 0
47 -121 -176 0
32 62 356 0
-239 -383 -400 0
32 40 -420 0
176 404 -469 0
356 -365 400 0
31 -154 399 0
-62 -256 -267 0
182 316 -439 0
125 -389 -405 0
-169 -459 -469 0
167 216 454 0
189 -321 -359 0
-25 152 -251 0
142 317 329 0
-26 -359 -414 0
161 -443 458 0
-231 372 445 0
-31 42 103 0
120 454 -484 0
-50 -391 -427 0
-67 281 -307 0
-284 306 -443 0
-19 55 -450 0
150 -243 -441 0
71 210 -217 0
13 428 487 0
41 138 -494 0
310 -331 -380 0
-74 101 195 0
230 -372 470 0
382 -393 457 0
-312 336 -463 0
62 217 -423 0
-10 104 377 0
-238 298 -311 0
-273 275 480 0
259 -329 -448 0
-74 -174 -435 0
-270 341 342 0
-141 163 -222 0
135 -274 -324 0
97 150 -233 0
73 135 267 0
-142 192 -407 0
-71 118 -288 0
181 307 -418 0
179 332 431 0
143 -207 -367 0
-35 334 -342 0
331 369 -433 0
-3 131 -198 0
60 286 -316 0
-167 283 -344 0
76 -183 -247 0
30 82 313 0
11 -56 -349 0
-28 -343 -403 0
-53 -186 -335 0
256 -274 -483 0
58 361 -420 0
-144 159 279 0
-43 132 -214 0
-32 140 -187 0
22 -57 -293 0
58 353 358 0
93 -211 392 0
23 -77 -436 0
211 246 -410 0
-26 282 -434 0
-24 183 261 0
-231 300 -372 0
-197 366 375 0
-67 -249 -351 0
128 150 305 0
-12 45 -445 0
84 -243 -383 0
-100 108 142 0
326 337 485 0
127 -339 -483 0
-64 114 -447 0
87 -201 -364 0
-208 -242 440 0
280 357 364 0
1 -328 410 0
114 381 405 0
51 168 381 0
-73 297 439 0
57 -217 -383 0
6 26 70 0
-36 -42 -385 0
-34 -101 -416 0
39 -246 316 0
316 -318 -438 0
-29 93 220 0
-182 216 -280 0
-25 211 -328 0
-60 439 453 0
90 243 490 0
35 -324 409 0
314 347 454 0
159 215 264 0
118 -428 477 0
-131 -297 -421 0
135 -403 434 0
182 322 329 0
-27 -261 308 0
-147 -180 464 0
-305 -395 -431 0
37 322 349 0
-80 234 311 0
17 -25 383 0
99 310 315 0
112 145 -412 0
37 88 -176 0
-2 21 -375 0
99 127 -279 0
108 445 471 0
52 -179 241 0
64 -334 -380 0
-301 407 487 0
339 372 465 0
-200 -282 427 0
-163 -192 222 0
-66 -334 -489 0
-2 39 -67 0
255 -299 -443 0
-180 -278 -325 0
-46 -199 438 0
-286 -354 -376 0
-57 -441 -474 0
-168 356 387 0
164 -202 -466 0
253 -408 -478 0
48 345 -365 0
1 -301 384 0
72 -179 -288 0
-144 -206 369 0
140 -222 256 0
17 -45 189 0
79 371 454 0
-66 252 407 0
-387 -434 -465 0
-356 -412 437 0
-23 -191 -226 0
-216 220 -232 0
-26 -344 428 0
194 264 -271 0
-82 -193 218 0
114 184 -406 0
159 255 328 0
85 162 210 0
114 182 -473 0
-7 -416 450 0
275 327 428 0
206 320 -322 0
19 -319 495 0
279 308 -500 0
22 248 -343 0
-157 -219 -452 0
-195 320 491 0
-189 -250 386 0
52 202 346 0
290 -409 429 0
-194 -324 435 0
-147 172 -379 0
-75 487 -497 0
-251 342 343 0
-43 218 329 0
-251 352 409 0
54 120 -134 0
-21 234 -301 0
-165 334 -489 0
29 115 -326 0
-51 281 369 0
-88 153 218 0
46 295 -493 0
-115 -194 -351 0
-24 217 348 0
303 395 -457 0
20 287 -500 0
256 360 -421 0
191 -455 493 0
-161 177 229 0
-108 -111 -362 0
38 -157 209 0
294 468 -491 0
-75 -82 431 0
275 347 -365 0
-338 363 -470 0
-16 -361 -391 0
180 -262 336 0
-73 282 436 0
245 -415 477 0
52 312 498 0
95 -105 -140 0
146 213 261 0
-245 279 -319 0
129 190 -283 0
23 324 -437 0
111 -235 -247 0
53 -244 426 0
71 100 -241 0
-16 -141 338 0
-2 -307 310 0
-120 -480 -492 0
-61 -290 299 0
-64 101 395 0
-132 -249 370 0
-185 393 -407 0
142 -200 279 0
-22 -339 448 0
-62 103 358 0
179 276 -356 0
281 -436 -482 0
-67 80 -475 0
266 -412 487 0
-169 -372 453 0
193 260 423 0
